0 1
1 3
2 8
3 4
4 5
4 22
5 8
5 25
6 7
7 9
7 17
8 21
9 10
9 19
10 13
11 12
11 14
12 15
12 33
13 15
14 24
16 22
16 29
17 19
17 34
18 20
18 23
19 27
21 28
22 25
23 31
23 38
24 29
24 30
25 28
25 41
26 37
27 35
28 39
28 67
29 42
30 33
31 34
31 53
32 34
32 35
32 49
33 35
34 45
35 40
36 58
37 39
37 60
38 46
39 65
41 42
41 79
42 48
43 56
44 50
44 63
45 49
45 59
46 55
47 52
47 104
48 57
49 73
50 51
50 81
51 71
52 61
53 55
53 62
54 58
54 63
54 70
55 56
56 75
57 69
58 72
59 66
60 61
60 64
61 85
62 66
62 68
64 65
65 84
67 80
68 76
68 107
69 77
70 91
70 96
71 90
72 78
72 88
73 74
73 87
74 82
74 89
75 76
75 78
76 105
77 79
77 82
78 100
79 95
80 92
80 93
81 90
81 116
82 101
83 86
84 93
85 94
86 104
87 89
87 106
88 91
88 109
89 98
89 115
91 128
92 95
92 138
93 113
94 103
95 102
96 108
97 99
97 106
98 101
99 107
100 109
100 114
101 110
102 118
102 145
103 104
103 129
105 107
105 111
106 122
108 116
108 121
109 119
110 112
110 142
111 114
111 117
112 118
112 143
113 124
113 132
114 119
114 144
115 122
116 123
116 161
118 133
119 131
119 169
120 123
120 153
121 147
122 130
124 126
125 129
125 136
125 156
126 132
126 135
127 128
127 131
127 141
131 140
132 134
132 151
133 143
133 145
133 168
134 137
135 149
136 150
136 166
137 138
138 145
138 148
139 141
139 147
139 177
140 141
142 143
142 186
143 162
144 146
144 155
145 158
146 159
147 161
148 158
148 178
149 152
149 164
150 157
152 157
153 161
153 200
154 156
154 174
155 181
156 166
156 182
157 165
158 172
159 160
159 163
160 175
161 171
162 168
162 201
163 196
164 189
165 173
166 194
167 174
167 192
168 170
169 176
170 172
171 179
171 214
172 178
172 197
173 208
174 182
175 176
176 183
177 190
178 184
179 191
180 181
180 193
181 196
182 202
183 190
183 195
184 199
185 187
185 192
186 188
188 201
188 219
189 215
190 198
191 200
192 207
193 213
194 206
195 205
196 212
196 221
197 201
197 203
197 240
198 204
198 205
199 203
199 234
200 237
202 207
202 224
204 211
205 217
206 208
207 209
208 215
208 227
209 216
210 213
210 229
211 214
211 233
212 217
212 247
213 222
214 218
214 232
215 223
216 296
217 225
219 228
220 223
220 234
220 249
221 222
221 243
222 226
223 227
223 256
224 227
226 229
227 253
228 230
229 238
230 236
230 240
231 244
232 233
232 252
233 239
234 240
235 236
235 238
236 245
237 242
238 251
239 272
240 300
241 246
241 248
242 255
243 247
244 254
245 301
246 262
247 258
248 262
249 256
249 273
250 260
250 277
252 280
253 257
253 266
254 259
254 265
255 270
256 257
256 275
257 278
258 269
258 297
259 261
260 261
260 293
261 291
262 268
263 269
263 281
264 267
264 286
265 283
266 278
267 282
268 271
268 286
270 280
270 292
271 277
271 288
272 279
272 281
273 274
273 275
274 304
275 276
276 278
276 311
277 285
278 318
279 280
279 287
280 290
282 284
283 483
284 295
284 567
285 288
285 293
287 332
288 289
289 533
290 292
291 293
292 294
294 295
294 393
295 419
296 302
297 298
297 299
298 303
299 305
300 306
300 309
301 313
302 329
303 324
304 306
304 317
305 316
306 325
307 309
307 310
308 310
308 313
309 327
310 321
311 317
311 318
311 326
312 314
312 322
312 341
313 320
314 316
315 319
315 324
315 330
316 319
316 337
317 333
318 329
318 355
319 351
320 331
321 342
322 334
323 324
323 336
324 335
325 327
325 339
326 328
327 358
328 340
329 362
330 335
330 347
331 345
331 383
332 336
332 370
333 346
333 348
334 341
334 344
335 336
335 354
337 351
337 368
338 344
338 345
338 361
339 346
340 360
341 363
342 343
342 353
345 365
346 350
347 349
347 359
348 350
348 352
349 354
350 373
351 359
351 369
352 360
353 358
353 381
354 398
355 360
355 367
356 366
356 371
357 365
357 376
359 379
360 375
361 363
361 365
361 408
362 374
362 406
363 394
364 370
364 372
365 388
366 374
366 380
367 375
368 369
368 382
368 391
369 379
369 433
370 401
371 377
372 384
373 387
374 392
375 385
375 411
376 383
377 380
377 397
378 379
378 407
380 399
381 386
382 394
382 416
383 414
384 390
385 387
386 421
387 499
388 402
389 390
389 401
390 403
391 410
392 399
392 406
393 424
394 420
395 396
395 400
396 463
397 404
398 403
398 407
399 435
400 406
400 413
401 427
402 405
402 417
404 412
404 464
405 409
407 450
408 409
408 420
409 438
410 422
411 525
412 495
413 426
414 417
414 423
415 424
415 427
415 453
416 420
416 422
416 458
417 436
418 437
418 493
419 424
419 497
420 425
421 442
422 481
423 428
423 467
426 441
427 462
428 442
429 435
429 477
430 445
430 448
431 463
431 473
432 434
432 443
433 459
434 449
435 448
436 438
436 479
437 457
437 489
438 510
439 452
439 460
440 476
441 445
441 465
442 456
443 449
443 466
444 464
444 487
446 447
446 470
446 505
447 452
449 490
450 461
450 476
450 520
451 455
451 460
451 491
452 468
453 480
453 524
454 466
454 501
455 478
456 469
456 611
457 474
457 517
458 488
459 461
459 471
459 485
460 475
462 480
462 507
463 465
464 495
466 492
467 479
468 522
469 472
470 509
471 482
471 511
472 508
473 537
474 478
475 585
476 494
476 521
477 487
477 519
478 502
478 544
479 484
479 526
480 552
481 482
481 488
481 515
483 530
484 510
484 551
485 539
486 492
486 501
487 506
488 560
489 504
489 523
490 492
490 536
491 514
493 498
493 504
494 500
494 503
495 512
495 554
496 516
497 524
497 610
498 541
499 508
499 525
499 566
500 507
500 576
501 516
502 514
503 557
504 549
505 513
505 546
506 531
507 535
508 569
509 530
509 580
510 545
511 515
511 540
512 536
513 522
515 608
517 527
518 538
518 547
519 531
519 615
520 521
521 542
522 529
522 563
523 527
523 574
524 548
525 550
526 532
527 544
528 564
530 547
531 565
532 551
533 606
534 537
534 550
534 599
535 552
536 556
538 555
538 640
539 540
539 542
541 549
541 558
542 587
543 554
543 571
544 607
545 551
545 561
546 559
546 582
548 552
548 609
549 562
549 568
550 575
551 589
553 595
554 578
555 564
556 641
557 573
558 584
559 593
560 561
561 590
562 574
563 585
563 671
564 586
565 570
566 569
566 602
567 598
568 572
568 588
569 579
569 616
570 571
571 604
572 594
573 576
573 581
574 577
574 605
575 599
575 602
575 658
577 607
577 697
578 604
579 636
580 618
581 587
581 643
582 596
582 619
583 603
584 594
584 600
586 597
587 627
588 605
588 642
589 590
589 611
589 701
590 617
591 606
591 632
592 598
592 634
593 596
593 618
594 649
595 603
595 635
596 639
598 655
599 630
600 694
601 613
601 651
602 660
603 654
604 626
606 628
607 637
608 686
609 610
609 622
610 650
611 670
611 702
612 617
613 614
614 666
616 677
617 688
618 710
620 623
620 661
621 632
621 638
622 667
623 626
623 648
624 631
624 640
625 653
627 643
627 656
628 654
629 650
629 652
630 658
632 714
633 641
633 668
634 638
634 727
635 646
635 654
636 669
637 697
638 665
639 664
640 693
641 674
641 687
642 649
642 657
643 644
644 659
645 684
647 663
647 672
649 704
650 696
651 652
652 679
654 676
655 666
655 708
656 663
657 692
658 662
659 695
660 662
660 690
661 674
662 689
664 671
664 751
665 699
666 685
667 673
667 696
667 746
668 680
669 670
669 677
669 721
670 725
671 749
672 686
672 762
673 748
675 683
675 698
676 713
676 717
677 690
678 691
678 700
679 682
679 685
680 687
681 684
681 709
682 705
683 693
684 700
684 753
688 701
688 819
690 747
691 729
692 697
693 736
694 706
694 709
694 768
695 703
695 728
696 705
696 734
697 771
698 715
699 724
699 727
700 740
701 716
702 716
702 738
703 711
704 706
704 730
707 708
707 726
708 794
710 720
711 718
712 719
712 754
713 714
714 722
715 732
716 787
717 772
718 733
719 720
720 751
721 725
721 739
722 724
722 760
723 725
723 741
725 752
726 727
727 766
728 735
729 731
729 740
730 768
730 778
731 791
732 743
733 761
734 745
734 758
735 782
736 757
737 749
737 755
738 741
738 808
739 747
739 763
740 753
740 800
741 756
742 755
742 771
743 767
744 745
746 758
746 785
748 759
748 764
749 877
750 762
750 798
752 756
752 765
753 802
754 757
755 783
757 822
758 773
759 761
760 789
761 786
762 780
763 765
764 797
765 776
766 769
766 799
767 790
768 781
769 804
770 774
770 775
770 828
771 778
771 816
772 803
773 777
774 782
774 810
775 788
777 785
777 805
779 790
779 861
780 784
781 841
782 786
782 820
784 788
784 842
785 801
786 827
787 835
789 793
789 836
790 795
791 806
791 817
792 796
792 838
793 804
793 855
794 812
794 818
795 803
796 798
796 826
797 801
797 824
799 804
799 807
799 834
800 802
800 817
800 1024
801 815
802 833
803 814
805 831
806 879
807 818
807 866
808 811
809 814
809 851
810 837
811 823
812 821
812 829
813 820
813 832
814 895
815 857
816 911
818 829
819 840
820 837
821 831
821 890
822 859
822 861
823 835
823 844
824 839
825 853
826 838
826 860
827 832
827 848
828 837
828 852
829 891
830 842
830 847
831 843
832 874
833 841
834 863
834 866
835 840
835 850
836 855
836 856
837 883
838 872
839 848
839 903
840 849
841 937
842 845
843 846
843 881
844 850
844 867
845 852
845 875
846 869
847 854
847 904
848 927
849 868
850 870
851 856
852 862
853 859
853 928
854 860
855 863
855 971
856 915
857 876
857 899
858 878
860 872
861 896
862 871
863 966
864 869
864 876
865 867
866 897
867 900
868 878
868 888
868 918
869 881
869 902
870 888
871 883
871 894
872 873
872 884
873 878
874 893
874 898
875 882
876 944
877 880
877 950
878 913
879 998
880 932
881 907
882 901
883 885
883 923
884 886
884 887
885 898
888 912
889 909
889 946
890 891
890 910
891 892
892 919
893 930
894 901
894 922
895 905
895 957
896 914
896 949
897 921
898 924
899 903
900 906
901 904
902 907
902 947
903 917
904 908
905 915
906 912
907 910
908 935
908 963
909 911
911 960
912 918
913 918
913 933
914 928
914 980
915 982
916 923
916 945
917 936
918 934
919 921
919 961
920 932
920 970
921 955
922 931
923 939
924 930
924 939
924 962
925 929
925 935
926 929
926 933
926 940
927 942
928 967
930 938
931 945
931 959
933 952
934 941
935 943
936 942
936 951
937 946
937 987
938 953
939 968
940 969
941 952
942 953
942 973
943 948
943 963
944 947
945 968
945 984
948 972
949 957
949 990
950 978
950 988
952 1002
953 964
954 955
954 966
955 961
955 1007
956 958
956 967
957 999
958 970
959 963
959 984
960 978
960 1035
961 979
962 964
962 968
963 994
965 966
965 971
965 996
966 989
967 981
968 975
969 972
970 1000
971 986
972 983
972 1010
974 982
974 986
974 1014
975 976
975 984
977 995
977 1013
978 1033
979 985
980 992
981 1036
982 1005
983 994
984 993
985 1008
986 996
987 1003
988 991
989 996
990 992
990 1004
991 1000
991 1018
992 1022
993 994
995 1008
996 1021
997 998
997 1001
997 1048
998 1009
999 1006
999 1025
999 1047
1000 1029
1001 1015
1002 1016
1003 1012
1004 1006
1005 1014
1005 1030
1007 1008
1007 1032
1009 1020
1010 1017
1011 1020
1011 1027
1012 1019
1013 1028
1013 1037
1014 1021
1014 1051
1015 1024
1016 1017
1018 1044
1019 1023
1020 1055
1021 1032
1021 1059
1022 1040
1022 1057
1023 1034
1023 1080
1024 1053
1025 1026
1025 1062
1026 1030
1029 1031
1029 1038
1030 1046
1031 1043
1032 1064
1033 1035
1033 1044
1034 1054
1035 1045
1035 1074
1036 1039
1036 1050
1036 1068
1037 1065
1038 1044
1039 1042
1040 1056
1041 1067
1042 1057
1043 1050
1043 1104
1044 1124
1045 1052
1045 1087
1046 1061
1046 1078
1047 1056
1047 1062
1047 1096
1048 1049
1048 1055
1048 1076
1049 1063
1050 1060
1051 1059
1051 1061
1052 1054
1052 1091
1053 1058
1053 1063
1054 1094
1055 1066
1056 1100
1057 1071
1058 1072
1059 1064
1060 1068
1060 1075
1061 1090
1062 1069
1062 1095
1063 1088
1064 1065
1066 1081
1066 1102
1067 1086
1069 1078
1070 1072
1070 1084
1071 1101
1072 1082
1073 1074
1073 1089
1074 1083
1075 1077
1075 1085
1076 1099
1078 1090
1079 1081
1079 1086
1080 1084
1080 1092
1082 1088
1082 1116
1083 1087
1084 1125
1085 1164
1086 1118
1087 1093
1087 1121
1089 1178
1090 1110
1091 1094
1091 1098
1091 1143
1092 1094
1092 1120
1093 1097
1094 1136
1095 1096
1095 1149
1096 1100
1097 1098
1098 1117
1099 1108
1099 1111
1099 1132
1100 1114
1101 1103
1101 1105
1101 1151
1102 1108
1103 1107
1104 1141
1105 1114
1106 1109
1106 1112
1106 1147
1108 1126
1109 1118
1109 1146
1110 1131
1111 1116
1112 1119
1113 1135
1113 1153
1114 1123
1114 1157
1115 1153
1115 1190
1116 1125
1117 1127
1117 1145
1118 1130
1119 1122
1119 1134
1120 1129
1121 1133
1122 1168
1123 1139
1124 1137
1125 1154
1126 1132
1126 1138
1127 1143
1128 1131
1129 1136
1130 1146
1130 1165
1131 1161
1131 1222
1132 1148
1132 1191
1133 1145
1134 1147
1134 1163
1135 1144
1135 1172
1136 1143
1137 1141
1137 1188
1138 1155
1139 1149
1139 1173
1140 1141
1142 1146
1142 1147
1143 1179
1144 1169
1145 1159
1146 1156
1147 1152
1148 1158
1149 1161
1150 1151
1150 1164
1151 1160
1152 1163
1153 1194
1155 1162
1155 1174
1156 1165
1156 1180
1157 1160
1158 1185
1160 1192
1162 1170
1163 1168
1163 1175
1164 1184
1165 1171
1166 1167
1166 1168
1167 1169
1167 1187
1169 1172
1170 1181
1171 1189
1172 1176
1172 1193
1173 1226
1174 1195
1175 1199
1176 1186
1177 1178
1177 1204
1179 1232
1180 1212
1181 1189
1181 1214
1182 1185
1182 1191
1183 1184
1183 1203
1184 1210
1186 1194
1187 1196
1188 1208
1189 1218
1190 1194
1191 1195
1192 1203
1193 1200
1193 1205
1194 1221
1195 1201
1196 1200
1196 1207
1197 1210
1198 1202
1198 1204
1199 1206
1199 1211
1200 1217
1201 1214
1201 1236
1202 1208
1204 1275
1205 1220
1206 1209
1206 1234
1207 1211
1207 1215
1208 1263
1209 1212
1210 1225
1211 1224
1212 1230
1213 1214
1213 1218
1213 1249
1214 1237
1215 1228
1216 1220
1216 1221
1217 1227
1218 1219
1219 1230
1220 1229
1222 1251
1223 1225
1223 1239
1224 1233
1224 1234
1224 1250
1225 1235
1226 1243
1227 1231
1228 1231
1228 1233
1230 1246
1232 1272
1234 1238
1234 1247
1235 1241
1235 1264
1236 1237
1237 1242
1238 1246
1239 1240
1239 1244
1240 1263
1241 1244
1242 1253
1243 1260
1244 1259
1245 1256
1245 1270
1246 1254
1247 1250
1248 1251
1248 1257
1249 1254
1249 1255
1252 1256
1252 1264
1252 1292
1253 1255
1256 1266
1257 1260
1257 1273
1258 1274
1259 1288
1260 1262
1261 1265
1261 1267
1262 1268
1263 1281
1265 1275
1266 1277
1267 1272
1267 1294
1268 1269
1268 1271
1269 1270
1269 1276
1270 1284
1271 1282
1272 1289
1273 1279
1273 1297
1274 1278
1274 1286
1275 1287
1276 1280
1277 1285
1277 1304
1278 1293
1279 1286
1280 1282
1281 1287
1282 1291
1283 1284
1283 1285
1283 1301
1284 1295
1286 1293
1287 1300
1288 1299
1289 1306
1290 1291
1290 1297
1292 1304
1293 1305
1294 1306
1295 1296
1295 1301
1296 1313
1297 1320
1298 1299
1298 1310
1299 1302
1299 1317
1300 1326
1301 1312
1303 1308
1303 1314
1304 1316
1304 1319
1305 1307
1305 1309
1307 1324
1308 1309
1308 1311
1310 1318
1312 1313
1312 1316
1312 1332
1313 1320
1315 1318
1317 1321
1318 1328
1319 1325
1320 1324
1321 1323
1322 1328
1322 1329
1323 1327
1323 1334
1324 1330
1325 1327
1326 1329
1327 1333
1328 1331
1332 1339
1333 1335
1333 1336
1334 1335
1335 1337
1336 1338
1337 1340
1338 1339
1338 1340
