0 472
0 497
1 62
1 315
1 462
1 653
2 175
2 393
2 459
3 22
3 476
3 700
4 5
4 337
4 584
5 384
5 559
6 118
6 337
6 687
7 161
7 194
7 257
8 159
8 329
9 102
9 141
9 622
10 37
10 540
11 363
11 574
11 699
12 569
12 614
13 621
13 629
14 19
14 139
14 348
15 205
15 248
15 435
15 660
16 508
16 576
17 291
17 462
18 562
19 235
20 219
20 435
20 689
21 30
21 275
21 532
22 155
22 590
22 604
23 458
23 489
24 117
24 421
24 539
25 432
25 442
25 624
26 116
26 322
27 104
27 396
27 619
27 632
28 55
28 136
28 554
29 187
29 402
29 512
30 362
31 338
31 502
32 164
32 399
32 461
33 594
33 627
34 192
34 343
34 424
34 508
35 191
35 262
35 333
36 58
36 85
36 199
36 455
37 538
37 580
38 101
38 230
39 109
39 477
40 334
40 499
41 601
42 168
42 610
42 629
43 188
43 474
43 648
44 118
44 309
45 205
45 651
46 565
46 633
47 275
48 206
48 385
48 431
48 642
49 137
49 186
49 661
50 67
50 277
50 287
51 372
51 554
51 611
52 88
52 231
52 279
53 194
53 415
54 204
54 447
54 670
55 274
55 371
56 81
56 449
56 655
57 387
57 460
58 246
58 334
59 203
59 697
60 192
60 245
60 511
61 103
61 237
61 496
62 107
62 406
63 107
63 653
64 149
64 553
64 659
65 73
65 131
65 183
65 478
66 193
66 641
66 652
67 353
67 385
67 690
68 153
68 487
69 143
69 231
69 616
70 175
70 237
70 481
70 496
71 405
71 588
72 207
72 258
72 493
72 684
73 301
73 636
73 674
74 451
74 514
74 585
75 87
75 402
75 441
75 512
76 122
76 601
76 604
77 131
77 152
78 136
78 554
79 245
79 343
79 399
80 472
80 525
80 637
81 269
82 120
82 535
82 688
83 84
83 282
84 177
84 246
84 308
85 281
86 464
86 613
87 176
88 257
89 573
89 702
90 425
90 566
90 702
91 260
91 446
92 112
93 208
93 324
94 112
94 485
95 384
95 457
96 210
96 324
97 317
97 667
98 225
98 558
98 669
99 214
99 450
99 492
100 550
101 176
101 562
102 593
103 136
103 371
104 513
104 564
105 435
105 647
105 689
105 692
106 108
106 486
106 525
107 150
108 473
108 664
109 331
110 465
110 494
110 626
111 184
111 301
111 362
112 597
113 547
113 631
114 224
114 502
115 283
115 351
115 603
116 472
117 497
119 198
119 526
120 157
121 193
121 627
122 202
122 638
123 350
123 598
123 664
124 186
124 434
125 347
125 624
125 677
126 129
126 642
126 693
127 258
127 581
128 206
128 212
128 216
129 431
129 498
130 174
130 634
130 666
131 380
132 144
132 433
132 594
133 343
133 508
134 147
134 167
134 203
134 254
135 276
135 656
136 496
137 641
137 647
138 155
138 590
139 301
139 636
140 151
140 533
140 553
141 663
141 695
142 151
142 289
142 393
143 285
144 280
144 434
145 146
145 366
145 478
146 254
146 521
147 323
148 156
148 161
148 557
149 533
149 657
150 588
151 531
152 658
152 659
153 268
153 290
153 296
154 207
154 673
154 684
155 601
155 668
156 392
157 567
157 613
158 464
158 504
159 341
159 450
160 230
160 342
160 441
161 468
161 469
162 395
162 554
162 575
163 364
163 432
164 410
164 412
164 586
165 190
165 355
166 366
166 521
167 190
167 356
168 356
169 214
169 420
169 471
170 646
170 702
171 233
171 389
171 555
172 201
172 645
173 390
173 494
174 313
174 527
175 288
176 565
177 282
177 439
178 578
179 419
179 578
180 470
180 579
180 696
181 244
181 545
181 578
182 580
182 634
183 679
184 215
185 186
185 253
187 233
187 397
189 300
190 254
191 417
191 646
192 544
193 314
195 313
195 498
196 241
196 600
197 339
197 547
198 247
198 445
199 499
199 686
200 335
200 486
200 550
201 272
202 390
202 568
204 449
205 278
207 581
208 534
208 563
209 216
209 563
210 212
210 383
211 284
211 324
211 663
213 256
213 466
215 701
216 581
217 283
217 289
217 561
218 414
219 238
219 273
219 612
220 236
220 562
221 517
221 549
222 361
222 572
222 685
223 418
224 311
224 314
225 584
226 316
226 582
227 320
227 342
228 233
229 330
229 349
229 381
230 357
231 304
232 467
232 541
234 623
234 657
234 658
235 409
236 241
237 307
238 322
239 271
239 373
239 470
240 314
240 548
241 330
241 349
242 309
242 605
242 687
243 344
243 422
244 267
244 374
245 542
246 281
247 268
247 360
248 692
249 255
249 551
250 417
250 490
250 576
251 425
251 426
251 544
252 530
252 620
253 386
253 622
253 661
255 269
255 662
256 276
257 443
258 500
258 563
259 436
260 510
260 537
261 295
261 376
261 404
262 299
262 703
263 536
263 579
263 655
264 267
264 589
265 446
265 567
265 643
266 295
266 404
266 501
266 662
269 696
270 296
270 360
270 467
271 401
272 365
272 537
272 644
273 543
274 369
274 626
276 361
276 572
278 383
278 693
279 282
281 440
283 315
283 665
284 379
284 661
284 692
285 570
286 438
287 431
288 606
289 291
289 315
290 509
291 293
292 498
292 609
293 354
293 462
294 520
295 392
295 520
297 299
297 319
297 573
298 299
298 305
298 333
300 648
300 683
301 380
302 420
302 464
303 674
303 676
304 316
304 527
305 546
305 575
306 453
306 479
306 618
307 459
307 561
307 603
308 615
309 394
310 367
311 338
311 502
312 565
312 649
315 406
316 439
317 400
318 493
318 684
319 471
320 680
321 408
321 421
323 553
323 606
325 330
326 450
326 530
327 328
328 329
328 530
331 332
331 529
332 528
334 615
335 551
336 371
336 465
337 384
338 419
338 483
339 340
340 352
341 504
342 654
343 482
344 437
344 529
344 676
345 516
345 522
346 397
346 436
346 480
347 348
347 448
348 677
348 678
349 407
350 453
351 590
351 665
352 556
352 569
353 438
354 362
354 531
355 368
357 441
358 535
358 640
359 382
359 406
359 665
360 376
361 466
362 623
363 630
364 675
365 454
366 368
366 506
367 422
367 519
368 528
369 395
370 513
370 569
372 471
373 375
374 457
375 605
376 541
377 465
377 603
378 452
378 629
378 697
379 647
381 407
381 463
382 405
382 523
385 388
387 482
388 673
389 571
391 555
391 571
392 595
394 584
395 546
396 418
398 400
398 586
398 686
399 542
400 411
400 499
401 579
403 404
403 672
407 633
408 545
409 466
410 474
411 615
412 681
413 473
413 589
414 548
414 652
415 458
415 616
416 614
416 619
417 704
420 573
421 589
422 448
423 425
423 544
423 704
424 704
426 446
426 643
427 428
427 430
427 549
428 429
428 639
428 640
429 430
433 434
433 627
433 641
435 485
436 701
437 477
437 607
440 580
442 675
443 595
444 557
445 509
446 511
447 536
449 501
451 452
451 583
453 596
454 455
455 686
456 481
456 697
458 468
460 461
460 474
463 577
464 492
465 668
468 551
469 557
473 525
473 637
475 495
475 577
476 524
476 590
477 484
478 507
480 532
483 545
485 660
486 598
487 509
488 538
488 540
489 550
489 597
490 515
491 538
491 645
492 504
493 500
497 589
500 534
502 503
505 507
505 529
505 674
506 528
509 683
510 511
514 552
515 635
515 671
516 517
517 518
518 610
519 607
520 595
523 524
524 602
524 665
526 683
526 694
527 570
530 585
531 533
534 591
539 548
541 672
542 586
543 652
549 639
550 599
552 585
552 611
557 662
558 559
558 560
559 650
566 567
566 613
566 643
568 592
571 572
571 656
574 608
574 628
580 582
582 666
583 697
587 629
592 635
593 622
593 661
596 696
604 700
608 677
609 634
610 621
612 641
612 689
617 618
620 621
624 628
625 682
625 695
630 698
631 669
636 678
638 700
644 645
646 703
646 704
648 681
651 660
654 656
654 680
659 679
667 681
667 694
670 672
674 678
680 698
685 701
688 691
690 691
698 699
