0 1
1 3
2 8
3 4
3 14
4 5
4 16
5 8
6 7
6 18
7 9
7 17
8 21
9 19
10 13
10 15
11 12
11 14
12 15
13 19
14 24
16 22
17 34
18 23
19 27
20 23
21 28
22 25
22 29
23 31
23 38
24 29
24 30
25 28
25 41
26 37
27 33
27 35
28 67
29 42
30 33
31 34
31 53
32 34
32 40
34 45
35 40
36 58
37 39
37 60
38 46
39 65
41 42
42 48
43 56
43 78
44 50
44 63
45 49
45 59
46 55
47 52
47 86
48 57
49 73
50 51
50 81
51 71
52 61
53 55
53 62
54 63
54 70
55 56
56 75
57 69
57 79
58 72
59 66
60 61
60 64
61 85
62 66
62 68
64 65
65 84
66 99
67 80
68 76
68 107
69 77
70 91
70 96
71 90
72 78
72 88
73 87
74 82
74 89
75 76
76 105
77 82
78 100
79 95
80 92
80 93
81 90
82 98
83 86
84 93
85 94
86 104
87 89
87 97
88 91
88 109
89 98
89 115
90 116
92 102
93 113
94 103
95 102
96 108
97 99
97 106
98 101
99 107
100 109
100 114
101 110
102 118
102 138
103 104
103 129
105 111
105 114
106 115
106 122
107 117
108 116
108 121
109 119
110 112
110 142
111 117
111 155
113 124
113 132
114 144
116 123
118 133
118 145
119 131
120 123
120 153
121 147
122 130
123 161
124 126
125 129
125 136
126 135
127 128
127 131
127 141
128 139
129 154
131 140
132 134
132 151
133 143
134 137
135 149
136 150
136 156
137 148
138 145
138 148
139 147
139 177
140 141
140 169
142 143
142 186
143 162
144 146
144 155
145 158
146 159
147 161
148 158
148 178
149 164
150 165
152 157
152 164
153 191
154 167
155 181
156 166
156 182
157 165
158 172
159 160
159 163
160 175
161 171
162 168
162 188
163 196
164 189
165 173
166 194
167 174
168 170
168 201
169 176
170 172
171 179
172 197
173 206
174 182
174 192
175 176
176 183
177 190
178 184
179 191
180 181
180 193
181 196
182 202
183 190
183 195
184 199
184 220
185 187
185 192
186 188
186 210
188 201
189 215
190 198
191 200
191 218
192 207
193 213
194 206
195 205
196 212
196 221
197 203
198 204
198 205
199 203
199 234
200 237
201 219
202 207
202 224
203 240
204 211
205 217
206 208
207 209
208 227
209 216
210 229
211 233
212 217
213 222
213 226
214 218
215 223
216 296
217 225
218 232
219 228
220 223
220 234
221 222
221 243
223 227
223 249
225 247
226 229
227 253
228 230
229 238
230 236
231 244
232 233
232 252
233 239
234 249
235 236
235 238
236 245
237 255
238 251
239 263
241 248
242 255
243 247
244 254
246 262
246 264
247 258
248 262
248 271
249 256
250 277
251 301
252 279
252 280
253 257
253 266
254 265
255 270
256 257
256 275
257 278
258 269
259 261
259 283
260 291
260 293
261 291
262 268
263 269
263 281
264 267
264 286
265 283
266 278
267 282
268 286
268 289
269 297
270 280
271 277
271 288
272 279
272 281
273 274
273 275
274 304
275 276
277 285
278 311
279 287
280 290
282 284
283 470
284 295
285 293
288 289
289 533
290 292
291 528
292 294
294 295
296 302
297 298
297 299
298 303
299 305
300 306
300 309
301 313
302 329
303 324
304 311
304 317
305 316
306 325
307 309
307 310
308 310
308 313
309 327
310 321
311 318
311 326
312 314
312 322
313 320
314 337
315 324
315 330
316 319
316 337
317 333
319 330
319 351
320 331
321 342
322 334
323 324
323 336
324 335
325 327
325 339
326 328
327 353
328 340
329 362
330 347
331 357
332 336
332 364
333 348
333 350
334 341
334 344
335 349
337 351
337 368
338 344
338 345
339 346
340 352
341 363
342 343
342 353
344 361
345 357
346 350
347 349
347 359
348 352
349 354
350 373
351 369
352 360
353 358
353 381
354 372
355 360
355 367
356 371
356 380
357 365
357 376
359 378
360 375
361 365
362 374
363 382
364 370
364 372
365 388
366 374
366 380
367 375
368 382
368 391
369 379
369 391
370 401
371 377
372 384
374 392
375 385
376 383
376 388
377 397
378 379
379 407
380 399
381 386
382 394
384 390
385 387
385 411
386 421
388 402
388 405
389 390
390 403
391 410
392 399
392 406
393 424
394 420
395 396
395 413
396 431
397 404
398 403
398 440
399 435
400 406
400 413
401 427
402 417
404 412
404 444
405 409
406 426
407 440
407 450
408 409
408 425
409 438
410 422
410 433
411 499
412 464
413 426
414 417
414 423
415 427
416 420
416 422
417 436
418 437
418 493
419 424
420 425
421 442
422 458
423 428
424 453
424 497
426 441
427 462
428 456
428 467
429 435
429 477
430 445
430 448
431 463
431 473
432 443
432 449
433 459
433 461
434 449
435 448
436 479
437 457
437 489
438 484
439 452
439 460
440 476
441 445
441 465
442 456
443 466
444 477
444 487
446 447
446 470
446 505
447 452
449 490
450 461
450 476
451 475
451 491
452 468
453 480
453 524
454 501
455 478
456 469
457 474
458 488
459 471
459 485
460 475
461 485
462 480
462 507
463 465
464 487
464 495
466 486
467 479
468 513
469 472
470 509
471 482
472 508
473 534
473 537
474 478
474 517
476 503
476 521
477 519
478 502
479 484
479 526
481 482
481 488
482 515
483 530
484 510
485 539
486 492
486 501
487 506
488 560
489 504
489 523
490 536
491 514
493 498
493 504
494 503
495 554
496 516
497 524
498 541
499 525
499 566
500 507
500 557
501 516
502 514
502 544
503 557
504 549
505 513
505 546
506 531
506 543
507 535
508 569
509 530
510 545
511 515
511 540
512 536
512 554
513 522
514 585
517 523
517 527
518 538
518 547
520 521
521 542
522 529
523 574
524 548
525 550
526 532
528 555
529 563
530 547
530 580
531 565
532 551
533 591
534 550
535 552
536 556
538 555
538 624
539 540
540 608
541 558
542 587
543 554
543 571
544 607
545 560
545 561
546 582
547 631
548 552
548 609
549 562
549 568
550 575
551 589
553 583
553 595
554 578
555 564
555 640
556 641
557 573
557 581
558 584
559 580
559 593
560 608
561 590
562 588
562 605
563 585
564 586
565 570
565 615
566 602
566 616
567 598
568 572
568 588
569 579
569 616
570 571
571 604
572 594
573 576
574 577
574 605
575 599
575 602
577 607
578 604
579 636
580 618
581 587
581 643
582 619
583 603
584 594
584 600
586 597
587 627
588 642
589 590
589 701
590 617
591 606
591 632
592 598
592 634
593 596
593 618
594 649
595 603
595 635
596 619
596 639
597 646
597 698
598 655
599 630
601 613
602 660
603 628
604 626
605 657
606 628
607 637
608 686
609 622
610 650
610 667
611 670
611 702
612 617
613 614
613 651
614 666
616 677
617 688
618 710
619 671
620 623
620 661
621 632
621 638
622 667
622 673
623 626
623 648
624 631
624 640
625 653
625 678
627 643
627 656
628 654
628 713
629 650
629 652
630 658
631 712
632 714
633 668
634 665
635 646
635 654
636 669
636 670
637 697
638 665
639 664
640 693
641 674
641 687
642 649
642 657
643 659
644 659
645 684
647 663
647 672
649 704
650 696
651 652
651 685
652 679
653 691
654 676
655 666
655 708
656 663
657 692
658 662
659 695
660 689
660 690
661 674
662 689
664 751
665 699
666 685
667 696
668 680
669 677
670 725
671 749
672 686
673 718
675 683
675 698
676 717
677 690
677 721
678 691
678 700
679 682
680 687
681 684
681 709
682 705
683 693
684 700
686 750
688 701
688 792
690 747
691 729
692 697
693 736
694 706
694 709
695 703
695 728
696 705
696 734
697 742
698 715
699 724
699 727
700 740
701 716
702 716
702 738
703 711
704 706
704 730
705 745
707 708
707 726
708 794
710 720
711 718
712 719
712 754
713 714
714 722
715 732
716 787
717 772
718 733
719 720
720 751
721 725
721 739
722 724
722 760
723 741
725 752
726 727
727 766
728 735
729 731
729 740
730 768
730 778
731 791
732 767
732 779
733 761
734 758
735 782
736 757
737 749
737 755
738 741
738 808
739 763
740 753
740 800
741 756
742 755
742 771
743 767
744 745
745 812
746 785
747 763
748 759
748 764
749 877
750 798
752 756
752 765
753 802
754 757
754 825
755 783
757 822
758 773
759 761
760 789
760 809
761 786
762 775
762 780
763 765
764 797
765 776
766 769
766 799
767 790
767 795
768 781
769 804
770 775
771 816
772 803
773 777
774 782
774 810
775 788
777 785
777 805
778 816
778 889
779 861
780 784
780 788
781 841
782 813
784 830
786 827
787 835
788 828
789 793
789 836
791 806
791 817
792 796
792 838
793 804
793 855
794 818
794 829
795 803
796 798
796 826
797 801
797 824
798 830
799 804
799 807
799 834
801 815
802 833
803 814
805 831
806 879
807 818
807 866
808 811
809 814
809 851
810 837
811 823
812 821
812 829
813 820
813 832
814 895
815 857
816 911
819 835
819 840
820 837
821 831
822 859
822 861
823 844
824 839
825 853
826 838
826 860
827 832
827 848
828 837
828 852
829 891
830 842
830 847
831 843
832 874
833 841
834 863
834 866
835 850
836 855
836 856
839 848
840 849
841 937
842 845
842 852
843 846
844 850
844 867
845 875
846 864
846 869
847 854
849 868
850 870
851 856
851 905
852 862
853 859
853 928
854 860
854 904
855 863
856 915
857 876
858 878
860 872
861 896
862 871
864 876
865 867
866 897
867 900
868 878
868 888
869 881
870 888
870 906
871 883
871 894
872 884
873 878
874 893
874 898
875 882
876 899
877 880
878 913
879 998
880 932
880 950
881 907
882 894
882 901
883 885
883 916
884 886
884 887
885 898
887 925
888 912
889 909
890 891
890 910
891 892
892 919
893 930
894 922
895 905
895 957
896 914
896 949
897 919
897 921
898 924
899 903
899 944
900 906
901 904
901 922
902 907
902 947
903 917
904 908
906 912
907 910
908 935
908 963
909 911
909 946
910 977
911 960
912 934
913 918
913 933
914 980
915 974
915 982
916 923
917 936
918 934
919 961
920 932
921 955
922 931
923 939
923 945
924 939
925 929
925 935
926 933
927 938
927 942
928 967
928 980
929 940
930 938
930 964
931 945
931 959
932 970
933 940
933 952
934 941
935 943
936 942
936 951
937 946
937 987
938 953
939 962
939 968
940 969
941 952
942 953
942 973
943 948
943 963
944 947
945 968
945 984
946 1045
948 972
949 990
950 978
950 988
954 955
954 966
955 961
956 958
957 999
958 970
959 963
959 984
960 978
961 979
962 964
962 976
963 983
965 966
965 971
966 989
967 981
968 975
969 972
969 1002
970 991
970 1000
971 986
972 983
972 1010
974 986
975 976
977 995
978 1033
978 1035
979 985
980 992
980 1042
981 1036
982 1005
983 994
984 993
985 1007
985 1008
986 1014
987 1003
988 991
989 996
989 1032
990 1004
990 1022
991 1018
992 1022
992 1057
995 1008
995 1013
996 1021
997 1001
997 1009
998 1009
999 1006
999 1025
1000 1029
1001 1015
1002 1016
1003 1019
1004 1006
1004 1040
1005 1014
1005 1030
1006 1047
1007 1032
1008 1037
1009 1020
1010 1017
1011 1020
1011 1027
1012 1019
1013 1028
1013 1037
1014 1051
1015 1024
1015 1049
1018 1038
1019 1023
1020 1055
1021 1059
1022 1040
1022 1071
1023 1034
1024 1053
1025 1026
1025 1062
1026 1030
1029 1031
1029 1038
1030 1046
1031 1043
1032 1064
1033 1044
1033 1073
1034 1054
1034 1080
1035 1074
1036 1039
1036 1050
1037 1065
1038 1044
1039 1042
1039 1068
1040 1056
1041 1067
1042 1057
1043 1077
1043 1104
1044 1124
1045 1083
1046 1061
1046 1069
1047 1056
1047 1062
1047 1096
1048 1049
1048 1055
1048 1076
1049 1063
1050 1060
1051 1061
1052 1054
1052 1091
1053 1058
1053 1063
1054 1094
1055 1066
1057 1071
1058 1072
1059 1064
1060 1075
1061 1090
1062 1069
1062 1095
1063 1088
1066 1081
1066 1102
1067 1086
1068 1085
1068 1107
1069 1078
1070 1072
1070 1084
1071 1101
1072 1082
1073 1074
1073 1089
1074 1083
1075 1077
1075 1085
1076 1099
1078 1090
1079 1081
1079 1086
1080 1084
1080 1092
1082 1088
1083 1087
1085 1150
1086 1118
1087 1093
1088 1111
1088 1116
1090 1110
1091 1094
1091 1098
1092 1094
1092 1120
1093 1097
1093 1121
1095 1096
1096 1100
1097 1098
1098 1117
1099 1111
1100 1114
1101 1103
1101 1105
1102 1108
1103 1107
1103 1151
1104 1141
1105 1114
1105 1160
1106 1109
1106 1112
1107 1150
1108 1126
1109 1142
1110 1128
1110 1131
1111 1132
1111 1148
1112 1134
1112 1147
1113 1135
1113 1153
1114 1123
1115 1153
1116 1125
1116 1148
1117 1127
1117 1145
1118 1130
1119 1122
1119 1134
1120 1129
1121 1133
1121 1145
1122 1166
1123 1139
1123 1157
1124 1137
1124 1177
1125 1154
1126 1132
1126 1138
1127 1143
1129 1136
1129 1154
1130 1146
1131 1161
1131 1222
1133 1178
1134 1163
1135 1144
1136 1143
1137 1141
1137 1188
1138 1155
1139 1149
1140 1141
1140 1197
1142 1152
1142 1156
1143 1179
1144 1169
1145 1159
1146 1156
1147 1152
1148 1158
1149 1161
1149 1173
1150 1164
1151 1160
1152 1163
1153 1194
1155 1162
1155 1174
1156 1165
1158 1185
1160 1192
1162 1170
1163 1168
1163 1175
1164 1184
1165 1171
1165 1180
1166 1167
1166 1168
1167 1169
1167 1187
1169 1172
1170 1181
1171 1189
1172 1176
1173 1226
1174 1191
1174 1195
1175 1199
1176 1186
1176 1193
1177 1178
1177 1204
1179 1232
1180 1209
1181 1189
1182 1185
1182 1191
1183 1184
1183 1203
1184 1210
1186 1194
1187 1196
1187 1200
1188 1208
1189 1213
1190 1194
1192 1203
1193 1200
1194 1216
1195 1201
1196 1207
1197 1210
1198 1202
1198 1204
1199 1206
1199 1211
1200 1205
1200 1217
1201 1214
1201 1236
1202 1208
1205 1220
1206 1209
1207 1215
1208 1240
1209 1212
1210 1225
1211 1224
1212 1230
1213 1214
1213 1218
1214 1237
1215 1228
1216 1220
1216 1221
1217 1227
1218 1219
1219 1230
1220 1229
1222 1251
1222 1258
1223 1239
1224 1233
1224 1234
1225 1235
1226 1243
1227 1231
1228 1231
1228 1233
1230 1246
1232 1272
1234 1238
1234 1247
1235 1241
1235 1264
1236 1242
1237 1242
1238 1246
1239 1240
1239 1244
1240 1263
1241 1244
1242 1253
1243 1257
1244 1259
1245 1270
1246 1254
1247 1250
1248 1251
1248 1257
1249 1254
1249 1255
1252 1256
1252 1264
1253 1255
1256 1266
1257 1260
1258 1274
1259 1288
1260 1262
1261 1265
1261 1267
1262 1268
1262 1273
1263 1281
1264 1288
1264 1292
1265 1275
1266 1277
1267 1272
1267 1294
1268 1271
1269 1270
1269 1276
1270 1284
1271 1282
1272 1289
1273 1279
1274 1278
1274 1286
1275 1287
1276 1280
1277 1285
1277 1292
1278 1293
1279 1286
1280 1282
1280 1296
1281 1287
1282 1291
1283 1285
1283 1301
1284 1295
1284 1296
1286 1293
1287 1300
1288 1298
1288 1299
1289 1306
1290 1291
1290 1297
1292 1304
1293 1305
1293 1309
1294 1306
1295 1301
1296 1313
1297 1320
1298 1310
1299 1302
1300 1326
1301 1312
1302 1317
1303 1308
1303 1314
1304 1316
1304 1319
1305 1307
1307 1324
1308 1311
1309 1311
1310 1318
1312 1316
1312 1332
1313 1320
1313 1332
1315 1318
1315 1322
1317 1321
1319 1325
1320 1324
1321 1323
1322 1328
1322 1329
1323 1327
1324 1330
1325 1327
1325 1336
1326 1329
1327 1333
1328 1331
1332 1339
1333 1335
1334 1335
1335 1337
1336 1338
1337 1340
1338 1339
1338 1340
